945548771311
977807647842
915493764345
427376387942
605012353188
128316154665
455564610032
317154956499
591284043798
917093413340
817390372007
629513701704
843551302268
960586389912
435393266062
573246178271
995085780452
936975034298
374584050636
578956387682
126642416979
243116473194
461713865830
801259490784
881861575167
659077647249
566959733426
814490090970
710849873413
532344029161
483788273590
831829938935
998582985978
754762193576
426677699038
290689304789
598577265234
997625911347
439403645178
359781028244
480495768484
733079494333
761943283074
903184926792
455939038561
593568764795
780779820565
998924484211
145040460533
448835829991
818058478865
440815241175
154783240851
557754691693
803964555611
383231635211
604441877701
907811858077
331759259128
376813018458
598588879766
145530273479
402137166481
398258060819
184333138824
605878556233
947658555375
878311421548
291148385098
268730615176
361495984243
650882386332
655818752915
680037544445
590575240028
189823336621
364173715346
290286593794
452241999034
499414048092
171273536904
334101110361
936282091814
141385670680
955374337313
213418731523
662296780419
748870089412
983612830798
180914989825
990269460698
756635745004
857491538283
653020789622
725721560114
778979056719
495255525037
534890599282
332274904072
574129265360
149179155122
507136568658
902913460969
813464552771
476718179995
467304751409
558027220744
428455970025
324315159531
716580720583
120100560939
359435475306
877880232863
937487100499
271680820498
298537633323
657741546978
433638078133
489800293692
931815472458
344940852982
536167797917
332360117152
710062474391
871223117052
742425175238
673690218910
348240287684
338214577966
160366501094
208598338252
871959918302
387327577857
698105672369
807266067029
553723258021
490792856814
417739462023
917708596273
115191361830
483775545661
288842860125
115485673131
558225222983
737089556283
327447581697
847274398909
411705761472
922302720879
704978434766
454024568685
886204402761
915891099764
159893591903
608207310837
162036833452
655320172682
902840732018
231639856608
220844101433
523264649629
683638482174
972869504408
260402389412
327067291489
219110002158
406139338615
858940542011
919766873957
133562721869
664094284075
499324387331
331769758789
341758845448
595743053119
293429521421
149083561304
672395260441
847456904981
759494442643
330093070054
928958381557
102885589480
844008306117
106276949242
106451214808
702051812943
200759474552
800785271064
879102723038
301359477484
140774793422
529609944260
309842614247
421537835563
881912835343
512234810967
776780358665
958846050844
998100772307
660074956938
488017192524
193854071117
184466195192
937805844461
326390975918
949718552785
880635533416
667071180162
802816055651
348971367990
264863639891
787599070150
479763832003
450044486587
147437856350
899326071052
253802166430
975605346434
362796023011
948772065255
154324866397
988462137136
192007986592
865000690924
297637163009
862379324781
748344826226
642397574437
785853411188
442072176183
188205961803
888196615598
855848921636
984987576655
478381060600
824422728224
452848693342
247676672389
263357195518
138888049086
180781990584
875046434080
330128715561
984150527679
950747962053
613431744639
928040114443
789242625226
952459709618
391490576193
999139988900
945203939362
248658683301
890889730363
863979014575
706735527612
794602340424
479274103433
895207675385
755085684215
152393701225
260827674944
618795893511
876100579871
692099913890
991454406100
901886721724
318838667783
558999681811
767546818574
849186235031
688756542742
576854577048
739514928636
903655292922
991363959633
133024753282
510581267746
457798184357
749303560304
385574087540
315644609879
617626604280
318461635778
639577101516
999018705287
215051782831
898023363817
560767075560
459632165792
822594044501
352598473375
395729566488
867578730885
394066187613
491211361715
528626714857
515366052045
785333761620
922687169952
364241573804
566783425615
795623219263
554171131936
713360576048
113733270328
832733836559
328895595289
970579912230
426080143383
478187988899
880831140801
836485855054
595427021506
624978318026
992278522151
541067313712
742932055005
319625801945
598571303545
151391555368
243447568768
530911874173
417011474687
318800512511
424963184601
836720014425
156382823223
320390650450
833242807631
651385051533
820967197877
813661918059
857811905316
101996190333
392709277115
427391569185
814569876042
181056402000
381308777473
113113814863
873059476092
296435615420
686123913466
997889953192
184684173517
185487016380
479173241254
212360888267
425933143648
720350210588
224634458348
388367731228
443571247959
520785694407
852018905641
502774836118
256648222872
256960916564
417243366427
812668338445
254947862315
210564931457
792179269445
235476490276
704360598637
994374671565
739968433663
382825797279
750922932663
843903084420
990266551635
167760401595
587770436898
685297004701
699479324594
330402915709
662437645208
923851144593
456602421078
806283853983
165178396966
525222324219
213856924708
606053320365
105757686028
902100593650
258962908495
512170612536
970794356329
636513191289
448704485729
753054972027
147124527453
541911153451
785840018564
334052883767
667191898487
637270466535
595383498905
424249279879
146516536779
505565683049
260688179696
701472495313
839743854420
532539972887
726407666035
395638496398
911989030890
665278473294
418662863846
196052085763
842883908007
817617334218
687254844285
563874089011
150122324951
992619109666
463547913053
200731141559
959624413681
610848008344
801523600351
996009529824
829335782026
241585885024
606976820838
799542987600
236443111782
949607050219
473639846533
902278293776
518337678128
995102970814
219906236748
497198251128
191936900001
416723020957
117451360542
571988893007
477868050652
260929076709
539992585235
445828753896
795293865220
819345345920
666562586937
373083997510
223883537921
877205093751
431453614830
387655545648
305125595662
500074685751
914337727640
773139789528
330846666634
423721500810
908127870873
281606316351
248102253693
900172416076
519686802181
602300674031
525481298181
194506779760
942933509555
957860092507
993502258416
733036224605
934361074398
417562890984
661187012733
825715807159
480685540792
773089319951
810761736440
310993438560
140660004554
292925889657
674398922272
224032751957
757651555272
157782731790
857185640218
566427096113
440952849799
518061545724
163727354550
207375311192
926884258717
333642921014
994313281458
964124407480
689862317931
683066773549
560265626795
498448962234
410704736982
843084445880
511659714131
491302796224
594160248177
311982914427
238987244515
917785573642
986728281526
799475373152
439957563756
789844896104
307105169248
600326781981
957249836103
818129923429
237555608926
161349119947
157287708310
998323561461
476827501196
639924148870
749432145856
832012188481
728024888624
948810737694
921310811240
529409287229
866931409773
486871248320
758429943941
799997527213
647807390294
677801762855
754987617763
245276664266
665474735109
565133262119
167663349836
349998707463
299101947518
968112477762
138226272060
569357449960
582734607147
210146414892
370672870764
833006826358
920000111038
684070682529
384739351619
145043705505
732626792217
256904157849
510849814679
186215747808
887332689378
491229009174
941247911816
788893151341
357268193349
279259740776
220666811584
721935963353
186957166740
656335004254
369010358342
695152490756
657370305679
489750118207
882398790977
654778071107
946183617791
721021247597
550394455986
437164576940
621055089790
875165229802
171998326536
769929873766
964126162077
279277772273
127276362178
297650815432
291419697022
438697360374
663579504769
937029555124
293216177998
970982346015
830636272370
706610335008
123228766474
872038090394
348432216587
194176942464
132269909597
483576040553
849644759435
744322927739
336553484747
687063814864
241382004465
999372971110
278800836360
789717133201
105637203289
221787551011
287523431459
718382703041
250499021545
546375067579
927210371176
857785218563
180667117889
685200945682
881340386482
690493597935
864045919011
983169931230
862466820267
393026790373
207197599983
662774125986
313676054466
239543237504
938155869793
141289703725
901436050120
356590519047
201187678607
257240488687
224109398247
242734855726
191556895636
236204489194
729963028351
931196759919
739576426807
224249880538
643585208525
677303078403
645637839200
681412607096
836570885871
796507546340
258994087416
361221288750
220717867816
651717935533
381916889085
624892698998
959481589538
618272454920
981616937790
639647259628
716850644086
405662530663
166759017728
702996952398
682481992653
857806224115
893552370248
955402595367
747372493069
533808297693
136565025193
684626306408
498899292969
335964490941
848752487455
600223685215
455976738334
204290419533
564210859864
444440634365
425780516291
465018251017
592514515527
490662925319
650660796175
169699912075
852576026977
251328782990
631218411919
776377544695
739444606164
711257931953
911809844863
580730383358
893064644991
922497887198
863947289712
541771413772
289681468957
267158737911
959193815612
846572594623
322394447595
860136031512
761744303516
686483842154
315878550236
905956319598
684539990474
134154402169
394515407334
179964325638
765024067390
160617567601
969507789156
433116187551
437174853680
431472915758
222190915689
701407043769
876739592841
270402144776
510865841812
493753574703
292018343122
933608976281
133700413916
807516234234
343209037966
204070701070
567265928471
779331800581
762496467977
922108179688
836657949308
952249075694
520622231959
890999464535
418461486693
929196486482
484299116755
307582915341
450557722006
376376494116
394338606371
225025835725
991762306895
183623076140
705371196043
176863851673
354568802296
589193041970
418164661416
963509560295
778846827117
331160744730
635524509844
794701557369
281491987205
409725418124
406390659581
394674162918
763865856986
256620907220
922189257596
780418346643
213478992620
489833006018
581111729294
297477937078
113226856800
149516423691
551314506653
354282914437
781342715371
508559236930
500859604103
874434169774
474576019722
512026704012
726684197963
949059773039
546597134896
976469671054
794065574772
398585205767
242444941654
865851939347
536316184016
311702366113
779973553856
988909150136
307733081861
402608623190
426763008524
918847366792
289718001582
892837794012
406323288703
735320024607
958200319028
242046779858
326439806316
429461196435
499881553044
436369393209
504291506573
514113070937
320636751868
610936859054
607558103431
908451293473
164651959236
615548713843
140118746035
410142063167
795530427457
324929467562
823434385343
271107167463
922367706269
100579467975
816552898055
759866800226
787897005211
838096614944
481357900618
914595689669
331948508954
210222630843
865389067008
920756342272
358026008049
153530685114
654127488974
613648499169
917184310082
887171949400
857077007959
891012919250
548786431893
122712590775
294565779018
287774830121
979242262582
113083776914
419455323594
852193708892
765875268012
345645435047
982910372607
108147357824
722116518632
949884639710
346436797506
352155396121
760378203687
962832426675
598495940236
536912191978
920511202201
553360030726
319212862482
703804395453
871823795860
646569954641
835437572400
213195122603
909899102928
986137941013
536812482729
280452754622
825601659010
651102918881
822300258329
293917073083
805030236620
831777233473
816737387340
386594716972
900144884117
306393241644
176994778023
719119146514
655421699088
193076248006
380074599192
458247196414
229951599383
264705104477
608458607060
818073006103
562426505796
330371155011
611399659952
554047958944
859400799815
773355040547
851623985811
138620495346
289191513910
767300194275
151449929081
961947948461
548752297538
146337476209
954853973765
531666267243
943660489494
935048908548
128250908917
591731082226
606797403356
510639548738
952403972675
990852049789
816593588341
363915882656
501836110567
792389576625
656909878594
688976422723
789423973791
781006369826
115474639943
745191907971
182521254269
290930098747
342473184980
640481608727
823030681868
529390265045
714982798319
564213899080
600180658781
430064700274
253545095914
922383228862
957289775260
852323410906
193586415183
699603177748
603635476978
407376207970
305046736550
563263195827
787156426868
742094615268
392807299415
395908975896
229900762731
190754219294
439340613594
578008608268
784960127441
179132903450
755604080983
387156278825
521162669364
716522427816
348689422557
436582251035
940030829757
879669325375
425891572091
592672025621
600346298156
661413544155
990534813143
401213046778
157498651139
125761512430
282868731160
211449728971
685525778783
660390037635
419394667774
988010002924
952385635237
739576377783
137715982089
520712853106
438950547266
927135487085
507196050731
960266323143
406824075130
778499082791
446565280690
278093931022
664669179672
811142760338
327652266773
647866417323
718554262259
735189819775
847493729047
605102769970
677362799615
895909192426
594237813694
991821755027
879819664251
711222374978