8914881912
9093203107
8535642574
8057531847
9045285172
7707065288
8106511173
8653812735
9323143844
9440593005
7608751125
9552466465
8855056643
7985493122
7962568101
9139787849
8682941427
8189970473
7099395189
7086347876
8431381776
7051379642
9521531711
9314305086
8478848954
9898672018
7752045087
7426398916
9345219953
9340365733
9876295117
8906708111
8269359284
7106072173
9632848995
7909267128
8271323992
8112212515
7773446938
8867677196
9352484315
8675224083
8842065185
8964649088
7506838998
7876423905
9513670603
8431937919
7464174872
9709863158
7963945812
9968945374
7019917806
8117488417
8877322919
7764187849
8035586419
7164458099
7646065971
8035859250
9674414789
7654175001
7666507770
7533814132
9765276634
7187169943
7711208779
7622721064
8219858492
8403708571
9134630200
7235907433
9383274233
7947372450
8033614753
8242957309
9171150328
7657183562
9833640562
8932904687
9400547082
9577938390
8121458323
8732743391
8443525485
7806822510
8731931378
9206926238
7360819444
7901250933
8874554908
7794656681
8807038815
7905746660
9757867812
8238086114
7822295027
9709161836
7025902480
8609125888
8033292824
9405653528
8511552464
7115192489
8447943679
7372451187
9969241803
7039094626
7572268152
8840798101
7717356369
9527351884
9491531701
9568709944
9829334667
8985435067
8805761335
9847356313
9043900159
7071311811
7863613484
9020153284
7976643099
8346105857
9617642142
8270961145
8599305099
8988083168
9052670435
7922862219
8948192086
7383248198
7742381503
7011387935
9617883164
8029356960
8920266569
9784461307
7744747772
8379204972
8929166578
7181358374
7289052531
9164582530
9440495102
9895183999
8678146080
7109686971
7442840407
7092228487
9109471880
9995213110
9095109397
9501718209
9628282341
9677377621
9989126763
9950855587
9315171774
9033533747
7276479415
8957168170
8112562693
8038501515
7619320329
8305783193
8638272668
8875438058
8398922519
8760470395
9371232048
9609241654
8409530797
8460847553
9328988915
7169804993
8164279275
9002656266
9162543085
9949275129
8957928554
7449524643
7349709262
8505828067
7443856271
8104316679
9664827148
8936627243
9069830587
8152045273
7639959837
8159975296
9690280290
7987568671
8758558903
9743095469
8205772502
9921870037
8292810114
9282095849
8146944352
8607758487
8800787207
7394003427
7636608614
9166958978
8839557780
8828737657
8761405033
8231172337
9422082763
8097227137
8564529992
8945862612
7750738779
8852039939
8368039874
7021013613
8764503132
8048689489
8017950651
9288915938
9499156270
8334104362
8974977145
7168523448
7544343588
8375840440
8952041922
9769165332
9592336445
9421448447
8325691449
8192414619
7823107850
9567539682
7471711488
7219683803
8274963123
9108660007
9775478038
7029274972
8699010979
9104195613
8405470894
7548130266
9242975297
9118374026
7536782162
7011878630
7395035337
8673972797
7495596369
7199589378
8021445384
7389105169
9682549343
9516764280
8751499095
8283375089
9088706997
8227527761
8231997577
8713776508
9251258448
8256618954
8174084867
8673224936
8293699987
7915903384
7830356689
9390354506
8549087298
7579430821
9825406389
7723414944
7076475000
9493123933
9893986560
8072054694
8807897632
9293305810
7992102190
7656328503
7961532500
9835685171
7867595632
9231906252
9148913587
9709115218
7849430748
7248963943
9140351215
7008203416
8444713396
9740560150
7405000804
9371485498
9774636105
9847681125
7807957198
7626582889
7786687636
8965497585
9077361029
9763253446
7973674539
8939678578
7153234744
9988922543
8571011041
8282147518
7576002369
8386294766
9961978935
8291643056
9290860664
9780088543
7712859839
8500964853
7344213038
8510780318
9942418768
9263885011
8362552474
8605135364
8413646466
9948283285
9069708238
8911864303
9988852965
9308619394
7570721705
7111196681
7517000630
9451395760
7075157447
9449353655
7461215298
8201611021
8650405231
9800174413
8279675743
7496891805
7298917684
7918567608
8296822262
9206102304
8592280988
7461627644
9947964629
8373709829
7713169012
9055182109
8298590404
7412071040
7836317244
9470530722
8584741533
8409016205
7779181953
7380827166
9828506953
8512405631
9806311200
8640748388
8104166195
8893277282
8630686750
8521553703
7601529799
7230518175
9189998103
9079234425
7144260835
7309897879
9227790901
7190604737
8052964202
7881288201
9750464051
9065394949
8118218383
8212940634
8680428584
7625345402
8028056700
7436151519
7448644065
8983519964
8139727396
7168327032
8653230235
9017898830
8253817050
8414640806
9208047743
9230684408
8289142026
9798180217
9232950033
9469736484
9865255286
7194423454
9514974503
8040620749
7411352148
9037639134
7734382402
9400237722
7373192860
9096794327
9114334458
7283961916
9500134347
9627614659
9006272040
8663156352
7532934254
8068313778
9702521985
8044830907
8181437413
9963487608
7960192629
7847150284
9906949286
8034646753
7163447401
7563888290
8073738932
8411441698
9371383408
9195627453
8136082427
8661471771
8402504542
8345759917
7768360760
9681418505
7701205230
8982058766
8563678002
9816302915
7647990524
9104411681
8203356207
7106203828
8491766801
9147456864
7720872233
8794756247
8171424483
8466851624
7418116228
8810593403
8359698976
7917936661
7395271414
9830170478
8671375861
8670603214
8564664780
8154081274
9476964628
8532645727
8634097927
8386646504
7075847790
9142369245
9152381259
8356662834
8558971996
9592834449
9563697754
7390329508
8271238223
9019497328
9140502888
9847545330
8264916561
9866072848
8089163887
7086453418
9862448863
7598674835
8312654497
9801500981
9277321270
7376888840
7259054917
7795854254
9589529549
7512571041
8750687708
9892903974
8414959200
7449831474
9403727244
9523820025
8963745712
7222634731
7245556469
9433164842
7854538192
9877618882
7489499972
9976232382
9541813132
9883540857
7551506591
8445185477
9873051616
9645706219
8098493295
9211694618
9764621311
9838109330
7623747476
7820655861
7802843165
9134566242
7290366268
9556504070
8134761671
8349271622
7204713898
9691760977
8707836790
9222847196
9498241630
7952660188
8652983490
7379693248
7813120503
9238179696
8850849676
9269072907
8053269953
9742650737
8010919349
9791149543
8238194786
8029045876
9198470147
9818656683
9111045223
9454166809
9170747483
7749060803
9567760820
9454897091
8749201150
9975753023
9709489641
7466998402
7870750460
9379976661
9677183776
8825772219
7056868217
9926289569
8650572189
8413040073
7112589877
9874433832
7289450476
8944669403
7461254241
7692794846
8443666348
9746828502
8160848758
7520928841
7690888018
8883405795
8007776636
8242789728
8237833851
8983161271
7760853201
8410127604
9121757257
9627427571
9129811936
8886153871
8803621146
9813574110
7903802784
7737812206
7885994588
7579629202
9706799492
7241789786
7846802098
8294201541
7737612869
7761958425
8566766758
7965322998
8891436790
7122566247
9133475111
8583649337
9961681851
9588587629
9913721033
9359640384
7433475667
7767549693
9417048180
8542525520
9329591692
8259774489
7914093328
8855704457
8376066498
7481060021
9966057739
7134191022
9555368775
7572512962
9146344932
8630270509
9165103547
9962285111
8279653633
8779264646
7849321541
7676999353
9811579960
8224235067
9354173066
9115063871
9139237170
8839211351
8993923132
7871244505
9994953037
7057658936
7934300245
8444147528
9053850757
7950731447
8388980235
8086199947
8284785475
9437206852
7925079333
7063220350
9213615519
9161657115
8707476761
8839313329
8857332164
8067384908
9692272454
9514800452
8736105101
9417870993
8142054459
8574581153
8859667776
8660815883
7406157956
9114152572
7050191472
7122424760
9127101894
7017635272
8411025063
9388084641
7306578636
9613631148
8933998224
9018932291
8705497717
7051455819
9208356740
8934998672
9928940983
7568008979
7845547653
7825209561
8600570545
8171366897
7105409433
8822452770
9223183462
8353740541
8325528809
7788828403
8146051235
9127202393
8470726733
7033521919
8208333235
8614592792
9206903214
9321045988
9382818930
8432132360
7046828529
8025675902
9263803593
8782129721
8283238133
7494308817
9191630828
9123174746
9158289875
9963566238
7780504346
9081962986
7792296937
9902160023
9967337749
8276402163
8144650247
7716966356
7627653405
7682116322
9255991987
9329702720
8600493920
7187074301
8485596340
9121397357
9928918206
7621414292
9753967384
8959605969
7170314479
8734254008
7358745159
9043299875
9216098140
7721181546
7893147248
8155981497
9594055015
8208439478
7380248837
7860788393
7686402911
7991741564
8820595523
7426094063
8711871866
7805177266
8581035278
8611845234
7407978892
7264496594
8337169879
9550659017
7179264358
9809474246
7408824029
8833537296
8933776074
7640512812
7337431769
7083778638
8962937549
7378808589
8661890485
7111357957
8630226048
7277330829
8374488280
9072498136
7321829186
7684378088
7389371083
7126419568
7579610082
7486269158
8790215048
9418907457
9455968590
9293208265
7078723624
8673151005
7633857222
8231812428
7293648309
8930185646
8040146989
9747345610
7022075429
8180004636
8831687653
8542931065
7153423786
7632252732
9669475038
7659733409
8167175579
8405229167
8409076713
9168718331
8498176122
7011633593
9057496876
9532406284
9475386574
7805849581
8152168605
9613942117
8421123502
8720831184
7025094137
7496542886
7156234168
7756788447
8966683902
7182990328
9668768002
7552676820
7597307559
8860088363
9205135073
8970276277
9252168054
9848540942
8112192424
7886051043
9442015426
7858530493
9332616941
8076463955
9211128126
8971272818
8631280428
8342638153
7916293867
7753305285
8261905813
7516579567
8023027890
9417700881
7330438343
8590686856
8827794318
8743922119
8487671462
9897145894
7778720116
9810626360
9374426086
7561220446
9237664042
9323133964
8073688548
8677081461
8210655185
7857652918
9436005406
8512750848
9597075794
9881141878
9785577981
9128783750
9699547480
8974562638
9920287038
9017765836
7883428226
9047961075
9426737544
9740586360
9064425759
9637727280
7161616222
7593853252
7236536819
9735302189
8495080498
9427956849
9211247953
9544439622
7394433130
7618374044
9914544306
7337994129
8484146635
8556253091
8653038527
7641298795
8254948572
8952023424
8576366629
7302442971
8381486678
9167833047
8129901984
9864320092
9979242419
8210676165
7458992655
9701297771
9078213613
7969387442
8933853860
9648430473
7119287562
7326497263
7710982909
9282425296
9327293781
9972138901
7299430378
8324230838
8731835015
7226917134
7572956897
9419382528
8525526906
9759293731
9503759210
8217314034
8148644988
7528021955
9398853371
9754887382
8161264188
9749153475
8609726928
8648512920
9156325372
8426394373
8287582499
8899689362
7158038807
7144940996
7225581291
9989807159
7107785976
8350376764
9984186647
9908895387
9162384818
9325959529
9932360070
9528696533
8714673547
8165252377
7008613697
9432615603
8043858864
9015901146
8085962302
7337372275
8761732322
8720771343
7849507959
8085253910
9110992742
8523882561
8487507604
7705129966
7873571407
9097418107
7149390236
8536428303
9426184107
9504686257
7119181378
8817470730
8448696440
9843643272
8296989731
8190745953
8208400679
9723983745
9402329901
7849434348
9304773421
8784636802
8007276209
8096447501
9422100434
7263506161
9387626571
8494986015
7836096963
8655203306
9991117708
9485216365
7440026657
7648766260
8168129202
7345130709
8775033728
9642160797
8022040334
8404025653
9192695666
9288389495